K	DISTANCE	PROFILE	MICRO PRECISION	MACRO PRECISION	MICRO PRECISION EPURATE	MACRO PRECISION EPURATE	MICRO MRR	MACRO MRR	MICRO MRR EPURATE	MACRO MRR EPURATE
5	PASSANT_D_W	NOT_WEIGHTED	0.11712887438825449	0.11712887438825495	0.6476345840130505	0.6476345840130526	0.07087864853473701	0.07107582464941115	0.6279444056972875	0.6331671747964036
5	PASSANT_D_W	WEIGHTED	0.11876019575856443	0.11876019575856489	0.6593800978792822	0.6593800978792843	0.07084545242452751	0.07116631515287973	0.6406849469308212	0.6447774897076273
5	PASSANT_D	WEIGHTED	0.1135399673735726	0.11353996737357296	0.6528548123980424	0.6528548123980444	0.06651687457595948	0.06684423096309255	0.6367328891874239	0.6414757672167862
5	PASSANT_D	NOT_WEIGHTED	0.10603588907014681	0.10603588907014715	0.6505709624796084	0.6505709624796107	0.06741189591283359	0.06759787960742082	0.6302953003946529	0.6358315445908261
5	PASSANT_C_W	WEIGHTED	0.06590538336052203	0.065905383360522	0.6352365415986949	0.6352365415986966	0.046036923356840495	0.046269724111286756	0.6233231262995537	0.6301612491656544
5	PASSANT_C_W	NOT_WEIGHTED	0.06916802610114192	0.06916802610114196	0.6293637846655791	0.6293637846655806	0.047308376614023144	0.0474704807958617	0.6210985685322713	0.6279081194704973
5	PASSANT_C	NOT_WEIGHTED	0.06818923327895596	0.06818923327895601	0.6280587275693311	0.6280587275693327	0.04693577595950087	0.04707828034806838	0.6192186144970816	0.6262790723706195
5	PASSANT_C	WEIGHTED	0.06721044045676998	0.06721044045677001	0.6270799347471452	0.627079934747147	0.04703435391398322	0.04725490450288412	0.6241689885683376	0.6305515857308466
10	PASSANT_D_W	WEIGHTED	0.09216965742251224	0.09216965742251261	0.6251530523001574	0.6271466117714077	0.07084545242452751	0.07116631515287973	0.6406849469308212	0.6447774897076273
10	PASSANT_D_W	NOT_WEIGHTED	0.09477977161500815	0.09477977161500858	0.6167570404058073	0.6193162691939201	0.07087864853473701	0.07107582464941115	0.6279444056972875	0.6331671747964036
10	PASSANT_D	NOT_WEIGHTED	0.0898858075040783	0.08988580750407872	0.6153577050900823	0.6180112120976726	0.06741189591283359	0.06759787960742082	0.6302953003946529	0.6358315445908261
10	PASSANT_D	WEIGHTED	0.09151712887438826	0.09151712887438856	0.6206052125240511	0.6229051762086016	0.06651687457595948	0.06684423096309255	0.6367328891874239	0.6414757672167862
10	PASSANT_C_W	NOT_WEIGHTED	0.0567699836867863	0.05676998368678643	0.6095854469127164	0.6126278515756485	0.047308376614023144	0.0474704807958617	0.6210985685322713	0.6279081194704973
10	PASSANT_C_W	WEIGHTED	0.0533442088091354	0.053344208809135506	0.6071366101101977	0.6103440016572149	0.046036923356840495	0.046269724111286756	0.6233231262995537	0.6301612491656544
10	PASSANT_C	WEIGHTED	0.05628058727569331	0.05628058727569345	0.6076613608535946	0.6108333980683079	0.04703435391398322	0.04725490450288412	0.6241689885683376	0.6305515857308466
10	PASSANT_C	NOT_WEIGHTED	0.0567699836867863	0.05676998368678644	0.6087108623403883	0.6118121908904939	0.04693577595950087	0.04707828034806838	0.6192186144970816	0.6262790723706195
20	PASSANT_D_W	NOT_WEIGHTED	0.07805872756933116	0.07805872756933108	0.5869347850238862	0.598148197540177	0.07087864853473701	0.07107582464941115	0.6279444056972875	0.6331671747964036
20	PASSANT_D_W	WEIGHTED	0.07585644371941272	0.07585644371941265	0.592711920897678	0.602389633102983	0.07084545242452751	0.07116631515287973	0.6406849469308212	0.6447774897076273
20	PASSANT_D	WEIGHTED	0.0734910277324633	0.07349102773246324	0.5922675258304633	0.602063368828921	0.06651687457595948	0.06684423096309255	0.6367328891874239	0.6414757672167862
20	PASSANT_D	NOT_WEIGHTED	0.07593800978792822	0.07593800978792815	0.5850461059882235	0.5967615743754136	0.06741189591283359	0.06759787960742082	0.6302953003946529	0.6358315445908261
20	PASSANT_C_W	WEIGHTED	0.04885807504078304	0.0488580750407832	0.5817131429841129	0.5943145923199484	0.046036923356840495	0.046269724111286756	0.6233231262995537	0.6301612491656544
20	PASSANT_C_W	NOT_WEIGHTED	0.04885807504078304	0.04885807504078324	0.5791578713476281	0.5924385727440922	0.047308376614023144	0.0474704807958617	0.6210985685322713	0.6279081194704973
20	PASSANT_C	WEIGHTED	0.045921696574225124	0.04592169657422531	0.5832685257193645	0.5954565172791657	0.04703435391398322	0.04725490450288412	0.6241689885683376	0.6305515857308466
20	PASSANT_C	NOT_WEIGHTED	0.04575856443719413	0.045758564437194324	0.5813798466837018	0.594069894114402	0.04693577595950087	0.04707828034806838	0.6192186144970816	0.6262790723706195
50	PASSANT_D_W	WEIGHTED	0.05931484502446982	0.0593148450244696	0.5687663378025128	0.5910507668150823	0.07084545242452751	0.07116631515287973	0.6406849469308212	0.6447774897076273
50	PASSANT_D_W	NOT_WEIGHTED	0.059151712887438826	0.059151712887438646	0.5687663378025128	0.5910507668150824	0.07087864853473701	0.07107582464941115	0.6279444056972875	0.6331671747964036
50	PASSANT_D	NOT_WEIGHTED	0.05869494290375204	0.0586949429037518	0.5691879585125221	0.5912138989521133	0.06741189591283359	0.06759787960742082	0.6302953003946529	0.6358315445908261
50	PASSANT_D	WEIGHTED	0.05690048939641109	0.0569004893964109	0.5687663378025128	0.5910507668150823	0.06651687457595948	0.06684423096309255	0.6367328891874239	0.6414757672167862
50	PASSANT_C_W	NOT_WEIGHTED	0.04228384991843393	0.04228384991843363	0.5690193102285184	0.591148646097301	0.047308376614023144	0.0474704807958617	0.6210985685322713	0.6279081194704973
50	PASSANT_C_W	WEIGHTED	0.042446982055464925	0.04244698205546464	0.568682013660511	0.5910181403876762	0.046036923356840495	0.046269724111286756	0.6233231262995537	0.6301612491656544
50	PASSANT_C	WEIGHTED	0.04081566068515498	0.04081566068515466	0.5687663378025128	0.5910507668150824	0.04703435391398322	0.04725490450288412	0.6241689885683376	0.6305515857308466
50	PASSANT_C	NOT_WEIGHTED	0.04104404567699837	0.04104404567699807	0.5687663378025128	0.5910507668150824	0.04693577595950087	0.04707828034806838	0.6192186144970816	0.6262790723706195
100	PASSANT_D_W	NOT_WEIGHTED	0.04872756933115824	0.04872756933115823	0.5662331207025102	0.5907987598795779	0.07087864853473701	0.07107582464941115	0.6279444056972875	0.6331671747964036
100	PASSANT_D_W	WEIGHTED	0.04800978792822186	0.04800978792822188	0.5662331207025102	0.5907987598795779	0.07084545242452751	0.07116631515287973	0.6406849469308212	0.6447774897076273
100	PASSANT_D	WEIGHTED	0.0466394779771615	0.046639477977161524	0.5662331207025102	0.5907987598795779	0.06651687457595948	0.06684423096309255	0.6367328891874239	0.6414757672167862
100	PASSANT_D	NOT_WEIGHTED	0.04766721044045677	0.047667210440456804	0.5662331207025102	0.5907987598795779	0.06741189591283359	0.06759787960742082	0.6302953003946529	0.6358315445908261
100	PASSANT_C_W	WEIGHTED	0.038466557911908644	0.03846655791190862	0.5662331207025102	0.5907987598795779	0.046036923356840495	0.046269724111286756	0.6233231262995537	0.6301612491656544
100	PASSANT_C_W	NOT_WEIGHTED	0.038874388254486136	0.038874388254486116	0.5662331207025102	0.5907987598795779	0.047308376614023144	0.0474704807958617	0.6210985685322713	0.6279081194704973
100	PASSANT_C	WEIGHTED	0.03632952691680261	0.036329526916802635	0.5662331207025102	0.5907987598795779	0.04703435391398322	0.04725490450288412	0.6241689885683376	0.6305515857308466
100	PASSANT_C	NOT_WEIGHTED	0.03649265905383361	0.03649265905383361	0.5662331207025102	0.5907987598795779	0.04693577595950087	0.04707828034806838	0.6192186144970816	0.6262790723706195
